Min Seam: 44077.11142029932080221
[ 499, 58, 38.854061457922754 ]
[ 498, 57, 57.871285351921486 ]
[ 497, 56, 14.1835815614626 ]
[ 496, 56, 151.104830290268 ]
[ 495, 56, 27.307523266239365 ]
[ 494, 55, 16.19140214238285 ]
[ 493, 56, 154.70354503309852 ]
[ 492, 55, 157.55575053245613 ]
[ 491, 54, 98.80273173438414 ]
[ 490, 53, 189.5435070039405 ]
[ 489, 53, 41.68389877378908 ]
[ 488, 52, 153.0063245657387 ]
[ 487, 52, 350.2318174287925 ]
[ 486, 51, 70.553842774077 ]
[ 485, 52, 10.419042952807878 ]
[ 484, 51, 36.653792099318686 ]
[ 483, 50, 138.0145710456285 ]
[ 482, 49, 22.978297909750367 ]
[ 481, 49, 126.38878017983146 ]
[ 480, 49, 97.90320102949396 ]
[ 479, 50, 114.34115251333287 ]
[ 478, 51, 0.3309774827794931 ]
[ 477, 50, 13.449802258842569 ]
[ 476, 51, 25.053291221587504 ]
[ 475, 52, 238.92872528808607 ]
[ 474, 51, 5.948301549565105 ]
[ 473, 52, 48.88347199452553 ]
[ 472, 53, 162.88264816795595 ]
[ 471, 53, 47.20648350447615 ]
[ 470, 52, 27.507803513117324 ]
[ 469, 52, 65.52123927307308 ]
[ 468, 51, 128.89713019682947 ]
[ 467, 50, 86.25797616329645 ]
[ 466, 51, 94.49938890802295 ]
[ 465, 50, 56.87063211971544 ]
[ 464, 50, 34.26806581136138 ]
[ 463, 51, 106.36682864344638 ]
[ 462, 52, 70.17700661525345 ]
[ 461, 53, 135.32447737438613 ]
[ 460, 54, 25.106653785987977 ]
[ 459, 55, 0.6524927304034089 ]
[ 458, 56, 26.666627196710312 ]
[ 457, 56, 36.23053452163533 ]
[ 456, 57, 42.60838615871959 ]
[ 455, 57, 42.442863602579095 ]
[ 454, 57, 7.697094335639754 ]
[ 453, 58, 41.7218896693472 ]
[ 452, 58, 80.20775824957276 ]
[ 451, 58, 101.46918086564676 ]
[ 450, 59, 142.32560680879942 ]
[ 449, 59, 11.671692181646154 ]
[ 448, 59, 195.01768401531717 ]
[ 447, 58, 168.34782512339652 ]
[ 446, 59, 113.40540661059417 ]
[ 445, 60, 90.75005349555776 ]
[ 444, 60, 3.5287105865566826 ]
[ 443, 61, 100.05129984152472 ]
[ 442, 60, 51.06221147647805 ]
[ 441, 61, 245.80051395800606 ]
[ 440, 62, 98.92868326853305 ]
[ 439, 62, 26.150038849334255 ]
[ 438, 62, 78.69829254699157 ]
[ 437, 63, 122.0844919451946 ]
[ 436, 62, 129.86353428486652 ]
[ 435, 61, 11.007473152567504 ]
[ 434, 61, 63.040973300866995 ]
[ 433, 62, 74.34008370634687 ]
[ 432, 61, 132.45689137410477 ]
[ 431, 60, 24.672694787784945 ]
[ 430, 61, 213.34185358020287 ]
[ 429, 60, 59.79250472972131 ]
[ 428, 61, 183.38604682511655 ]
[ 427, 62, 95.13049326038364 ]
[ 426, 61, 35.511772861457516 ]
[ 425, 60, 72.12089828563556 ]
[ 424, 60, 122.85752133710159 ]
[ 423, 59, 39.88999275728644 ]
[ 422, 60, 238.88712537447603 ]
[ 421, 59, 57.50694256342071 ]
[ 420, 60, 252.7865593358577 ]
[ 419, 61, 33.596281551700635 ]
[ 418, 62, 183.26404021830805 ]
[ 417, 61, 63.21690164827687 ]
[ 416, 61, 124.0693053537662 ]
[ 415, 62, 160.0590527593741 ]
[ 414, 62, 41.14038946573617 ]
[ 413, 63, 96.87723389418174 ]
[ 412, 63, 5.376725775564251 ]
[ 411, 62, 64.28953211546956 ]
[ 410, 63, 107.96440892169944 ]
[ 409, 62, 84.26714805051971 ]
[ 408, 61, 93.03982870767285 ]
[ 407, 61, 13.41861329235855 ]
[ 406, 60, 2.9571108138615743 ]
[ 405, 60, 39.90320281689424 ]
[ 404, 61, 117.15638067155393 ]
[ 403, 60, 179.04864814715123 ]
[ 402, 59, 47.20066141550583 ]
[ 401, 58, 167.05622375873597 ]
[ 400, 57, 13.243243389611692 ]
[ 399, 57, 58.61784150446342 ]
[ 398, 58, 147.9017749155011 ]
[ 397, 57, 33.93793362828779 ]
[ 396, 57, 43.63767199739893 ]
[ 395, 58, 64.4319977005599 ]
[ 394, 59, 239.21292538576617 ]
[ 393, 59, 107.768024816426 ]
[ 392, 60, 157.00034112152477 ]
[ 391, 61, 3.602015455336227 ]
[ 390, 62, 10.212171753255006 ]
[ 389, 61, 67.02767277504856 ]
[ 388, 62, 188.48496765024825 ]
[ 387, 63, 3.0782041456935416 ]
[ 386, 64, 94.42187009544922 ]
[ 385, 65, 34.08688179566061 ]
[ 384, 66, 62.11302328228413 ]
[ 383, 65, 184.99341023985826 ]
[ 382, 66, 6.054853569792296 ]
[ 381, 66, 20.82346504552268 ]
[ 380, 67, 62.82711374406985 ]
[ 379, 68, 160.58490880137876 ]
[ 378, 69, 94.49578433700806 ]
[ 377, 69, 44.353363282244594 ]
[ 376, 68, 14.45950045335237 ]
[ 375, 68, 26.195285234662137 ]
[ 374, 68, 48.54034072734048 ]
[ 373, 68, 9.994242343476955 ]
[ 372, 67, 181.15799776879393 ]
[ 371, 66, 55.35925440432932 ]
[ 370, 65, 179.03849798393796 ]
[ 369, 64, 91.42853385821564 ]
[ 368, 63, 15.326231877194285 ]
[ 367, 64, 10.126783968296804 ]
[ 366, 65, 255.9046047826925 ]
[ 365, 66, 121.36768484098532 ]
[ 364, 65, 10.150797947389878 ]
[ 363, 66, 5.8812013013892495 ]
[ 362, 66, 219.77082115472075 ]
[ 361, 67, 15.654868237600095 ]
[ 360, 67, 46.493959560303836 ]
[ 359, 68, 122.20492562986924 ]
[ 358, 67, 49.64088109886067 ]
[ 357, 67, 19.4710379396682 ]
[ 356, 68, 40.251633233197694 ]
[ 355, 68, 3.4469587106080724 ]
[ 354, 68, 97.05933586946469 ]
[ 353, 69, 49.24264922366961 ]
[ 352, 69, 108.67534021357011 ]
[ 351, 70, 2.7376663693538528 ]
[ 350, 69, 184.65532190494872 ]
[ 349, 70, 24.248429949946082 ]
[ 348, 70, 117.113013929733 ]
[ 347, 71, 306.3336595418116 ]
[ 346, 72, 145.37757351399233 ]
[ 345, 73, 59.730665874145274 ]
[ 344, 73, 100.09667323694066 ]
[ 343, 73, 82.28019014002108 ]
[ 342, 74, 268.59166066172827 ]
[ 341, 74, 30.217059217760855 ]
[ 340, 74, 15.638145728811004 ]
[ 339, 74, 83.18832704713292 ]
[ 338, 75, 333.3147373714652 ]
[ 337, 75, 104.70854828545629 ]
[ 336, 76, 62.43795710333716 ]
[ 335, 76, 54.64113106573581 ]
[ 334, 77, 18.50895792944901 ]
[ 333, 77, 42.43493940713594 ]
[ 332, 78, 109.19683629274185 ]
[ 331, 79, 149.5141528535529 ]
[ 330, 80, 72.4244130028967 ]
[ 329, 81, 152.5981152248305 ]
[ 328, 82, 93.56479197262473 ]
[ 327, 83, 19.61254649741462 ]
[ 326, 82, 109.00076703269823 ]
[ 325, 82, 68.22552568710199 ]
[ 324, 82, 88.55954042949415 ]
[ 323, 81, 406.591413340119 ]
[ 322, 80, 6.8732105322639185 ]
[ 321, 79, 49.880566292868465 ]
[ 320, 79, 75.2173289227393 ]
[ 319, 79, 99.4956950168811 ]
[ 318, 78, 83.99275008887658 ]
[ 317, 78, 86.5527790220666 ]
[ 316, 77, 65.74851537556209 ]
[ 315, 77, 72.98741555652654 ]
[ 314, 78, 20.19500736615065 ]
[ 313, 79, 157.8983708726403 ]
[ 312, 80, 34.59413831412233 ]
[ 311, 79, 1.1205582667279113 ]
[ 310, 80, 157.90840022144974 ]
[ 309, 79, 32.82895465681301 ]
[ 308, 79, 41.74498465249082 ]
[ 307, 80, 104.46492823922421 ]
[ 306, 81, 23.233821271055056 ]
[ 305, 81, 141.37422582734115 ]
[ 304, 82, 32.884700976613445 ]
[ 303, 81, 125.25862159875001 ]
[ 302, 82, 219.55466220474878 ]
[ 301, 83, 150.17608454611715 ]
[ 300, 83, 205.8180359537632 ]
[ 299, 84, 156.96356273799128 ]
[ 298, 85, 39.0638051850209 ]
[ 297, 86, 26.904561424144767 ]
[ 296, 85, 38.27241943393106 ]
[ 295, 84, 153.24337104291763 ]
[ 294, 83, 124.60238747149222 ]
[ 293, 82, 43.21660960609602 ]
[ 292, 82, 83.18346502682067 ]
[ 291, 83, 195.2613836487524 ]
[ 290, 82, 63.68940632676551 ]
[ 289, 81, 1.59286938857095 ]
[ 288, 82, 16.83866820116181 ]
[ 287, 82, 39.79144780841282 ]
[ 286, 81, 76.17532987799419 ]
[ 285, 81, 172.12942079586756 ]
[ 284, 80, 49.98139383358574 ]
[ 283, 81, 4.612573893614025 ]
[ 282, 80, 190.5800376263604 ]
[ 281, 80, 27.687896777894572 ]
[ 280, 79, 168.96916258124668 ]
[ 279, 78, 199.66692722515384 ]
[ 278, 78, 80.23439353011436 ]
[ 277, 78, 32.89582865275798 ]
[ 276, 77, 123.07857934060034 ]
[ 275, 77, 151.76988936913972 ]
[ 274, 76, 43.117188167908104 ]
[ 273, 75, 15.427574251261511 ]
[ 272, 76, 28.22136754949295 ]
[ 271, 76, 96.2566254065107 ]
[ 270, 76, 153.43192471696022 ]
[ 269, 75, 109.72525753783341 ]
[ 268, 75, 155.66040759355832 ]
[ 267, 75, 90.53286475517613 ]
[ 266, 75, 11.187574425261248 ]
[ 265, 75, 75.80000055219688 ]
[ 264, 75, 94.99418748352795 ]
[ 263, 76, 106.24747565111691 ]
[ 262, 76, 25.927576527684682 ]
[ 261, 75, 84.51441426144929 ]
[ 260, 75, 129.39887546943524 ]
[ 259, 75, 73.56996403502397 ]
[ 258, 76, 15.90528326518137 ]
[ 257, 77, 284.17786484293106 ]
[ 256, 78, 9.522026748347844 ]
[ 255, 77, 93.12359909900808 ]
[ 254, 78, 300.40089922539084 ]
[ 253, 78, 54.52813780054922 ]
[ 252, 78, 14.072924049933878 ]
[ 251, 79, 256.4415176057241 ]
[ 250, 80, 43.975917183752046 ]
[ 249, 79, 63.418293468640805 ]
[ 248, 80, 2.716587326186015 ]
[ 247, 81, 88.97898365535983 ]
[ 246, 80, 91.42171875918409 ]
[ 245, 81, 95.23455113011559 ]
[ 244, 82, 233.85623298170822 ]
[ 243, 81, 53.223730916634516 ]
[ 242, 81, 14.672607554130579 ]
[ 241, 81, 136.12657938873824 ]
[ 240, 80, 127.15051143886386 ]
[ 239, 81, 249.0705189791815 ]
[ 238, 82, 111.3953685637129 ]
[ 237, 83, 33.43835538824913 ]
[ 236, 82, 146.0527196553049 ]
[ 235, 81, 102.81480082645378 ]
[ 234, 80, 200.438678430501 ]
[ 233, 79, 4.635565873196745 ]
[ 232, 80, 8.620167942293588 ]
[ 231, 81, 76.96588437271484 ]
[ 230, 81, 21.698397480604704 ]
[ 229, 80, 46.535112112273346 ]
[ 228, 79, 74.80715866736593 ]
[ 227, 79, 43.385683752507454 ]
[ 226, 80, 80.42013268619125 ]
[ 225, 81, 42.6674692815549 ]
[ 224, 80, 154.87403147492023 ]
[ 223, 79, 43.97794645301345 ]
[ 222, 80, 173.59754977461267 ]
[ 221, 81, 32.15805982657549 ]
[ 220, 81, 17.873818354519955 ]
[ 219, 80, 104.80486426105907 ]
[ 218, 81, 10.105281616742456 ]
[ 217, 80, 192.50056160241752 ]
[ 216, 81, 125.04629238258963 ]
[ 215, 82, 49.63630612108943 ]
[ 214, 83, 84.95735423573304 ]
[ 213, 84, 137.22295641156774 ]
[ 212, 85, 69.47495002079145 ]
[ 211, 85, 142.1953923348886 ]
[ 210, 84, 80.84211954282917 ]
[ 209, 85, 49.297451218283165 ]
[ 208, 84, 65.79231718458689 ]
[ 207, 84, 124.80289416320456 ]
[ 206, 84, 8.39225026805057 ]
[ 205, 84, 24.050464181723243 ]
[ 204, 83, 91.99525522318392 ]
[ 203, 84, 177.64076138229578 ]
[ 202, 83, 110.73389992605304 ]
[ 201, 83, 27.11053766386301 ]
[ 200, 83, 233.24409823598978 ]
[ 199, 84, 103.88922145401696 ]
[ 198, 85, 109.27809695722202 ]
[ 197, 84, 36.499176530432884 ]
[ 196, 84, 0.9049631087245658 ]
[ 195, 83, 1.665799834928705 ]
[ 194, 83, 70.65363641516281 ]
[ 193, 82, 301.953368661065 ]
[ 192, 81, 136.1122847440136 ]
[ 191, 80, 153.41920024496596 ]
[ 190, 79, 65.85205808282257 ]
[ 189, 78, 56.29161410125916 ]
[ 188, 78, 12.031773179434158 ]
[ 187, 78, 162.84227943672596 ]
[ 186, 79, 39.27336307046863 ]
[ 185, 79, 97.45505075772843 ]
[ 184, 80, 68.093432128576 ]
[ 183, 81, 247.62824501880098 ]
[ 182, 82, 21.59401876347278 ]
[ 181, 82, 125.154193253043 ]
[ 180, 82, 10.142937137149922 ]
[ 179, 81, 4.158380466788736 ]
[ 178, 80, 94.94314163352364 ]
[ 177, 79, 63.36555449479947 ]
[ 176, 80, 34.61077224937187 ]
[ 175, 80, 44.26093263355746 ]
[ 174, 80, 38.94615287249875 ]
[ 173, 79, 85.93284260568723 ]
[ 172, 78, 51.33938847163028 ]
[ 171, 78, 11.609739822098565 ]
[ 170, 79, 38.73507636455786 ]
[ 169, 79, 130.75322836187098 ]
[ 168, 78, 46.50671115002869 ]
[ 167, 77, 77.02177234377544 ]
[ 166, 77, 53.57953989389408 ]
[ 165, 76, 144.40763463993923 ]
[ 164, 77, 92.13047119623468 ]
[ 163, 77, 29.887188450710976 ]
[ 162, 78, 18.43966686120152 ]
[ 161, 78, 42.92145324511326 ]
[ 160, 79, 99.36290032503514 ]
[ 159, 78, 155.78263340110703 ]
[ 158, 78, 46.547051961074615 ]
[ 157, 77, 101.545426900985 ]
[ 156, 77, 44.67533450997813 ]
[ 155, 76, 7.892468987202584 ]
[ 154, 76, 81.02468688517922 ]
[ 153, 77, 14.668080594841648 ]
[ 152, 77, 37.77615841227028 ]
[ 151, 77, 34.90758949182682 ]
[ 150, 76, 29.933256861645997 ]
[ 149, 77, 363.1823814656738 ]
[ 148, 77, 6.082294612198114 ]
[ 147, 77, 2.3601490432114125 ]
[ 146, 76, 137.84720023655484 ]
[ 145, 76, 42.99222921317708 ]
[ 144, 75, 160.79074732346143 ]
[ 143, 74, 144.56616404681327 ]
[ 142, 75, 88.52413330941545 ]
[ 141, 76, 40.20683264336833 ]
[ 140, 77, 250.72050107379545 ]
[ 139, 78, 63.525180881572275 ]
[ 138, 79, 8.837657181921642 ]
[ 137, 80, 300.159241203142 ]
[ 136, 80, 6.737952107106038 ]
[ 135, 81, 205.22385915398522 ]
[ 134, 82, 72.52457410705304 ]
[ 133, 83, 198.71089074143543 ]
[ 132, 83, 55.03723074137973 ]
[ 131, 82, 155.87496702060716 ]
[ 130, 83, 4.169096832873809 ]
[ 129, 83, 10.65007451907396 ]
[ 128, 82, 22.208014976611846 ]
[ 127, 83, 80.50372157459951 ]
[ 126, 82, 52.757227737361575 ]
[ 125, 83, 1.031337235953944 ]
[ 124, 83, 396.2113587446637 ]
[ 123, 84, 67.08549626534577 ]
[ 122, 85, 36.25061630272225 ]
[ 121, 85, 22.684740183046227 ]
[ 120, 86, 173.2338124938819 ]
[ 119, 85, 153.17240639761647 ]
[ 118, 86, 12.812848599902782 ]
[ 117, 86, 59.271236616132484 ]
[ 116, 86, 116.1651883094908 ]
[ 115, 85, 10.049129588211802 ]
[ 114, 86, 192.81092794921244 ]
[ 113, 86, 319.5269772931752 ]
[ 112, 87, 14.502326940883936 ]
[ 111, 88, 219.47830343320356 ]
[ 110, 87, 79.71150012907091 ]
[ 109, 87, 19.488878422127044 ]
[ 108, 88, 294.63378755573393 ]
[ 107, 89, 32.07321082289921 ]
[ 106, 90, 53.39151918219143 ]
[ 105, 89, 71.08261312919628 ]
[ 104, 89, 84.37313313882072 ]
[ 103, 89, 64.60436466889979 ]
[ 102, 89, 79.15537418904178 ]
[ 101, 89, 99.33164733737743 ]
[ 100, 88, 48.5910490466257 ]
[ 99, 88, 54.11824184609909 ]
[ 98, 87, 81.35271327859012 ]
[ 97, 88, 3.742429563863392 ]
[ 96, 89, 27.283203528340128 ]
[ 95, 90, 40.33970238428542 ]
[ 94, 91, 13.471361490936584 ]
[ 93, 92, 178.73778119423 ]
[ 92, 92, 51.79307026447899 ]
[ 91, 92, 63.0999434079107 ]
[ 90, 91, 19.61439689402711 ]
[ 89, 91, 198.64225642300028 ]
[ 88, 90, 143.7357761444733 ]
[ 87, 91, 41.08763454093795 ]
[ 86, 92, 8.71386084471637 ]
[ 85, 91, 333.0865486415022 ]
[ 84, 91, 70.81499265379176 ]
[ 83, 92, 0.6120633431938027 ]
[ 82, 91, 194.69722894496633 ]
[ 81, 90, 370.2372574572526 ]
[ 80, 90, 99.57800716817283 ]
[ 79, 90, 100.2332496768264 ]
[ 78, 89, 235.03277991920285 ]
[ 77, 88, 4.876503619428762 ]
[ 76, 88, 15.312367228919488 ]
[ 75, 87, 11.19722082673852 ]
[ 74, 88, 11.851599138920644 ]
[ 73, 88, 78.8290453242761 ]
[ 72, 87, 44.30799729934798 ]
[ 71, 87, 18.442148912373668 ]
[ 70, 88, 55.014498736806914 ]
[ 69, 89, 53.031177348846214 ]
[ 68, 90, 18.651875458290167 ]
[ 67, 91, 2.451115925651115 ]
[ 66, 91, 143.8060159744627 ]
[ 65, 90, 43.49888533703011 ]
[ 64, 91, 67.80139255476026 ]
[ 63, 90, 132.54403867817445 ]
[ 62, 89, 139.4961808179851 ]
[ 61, 89, 16.727808044314784 ]
[ 60, 89, 3.6852974773787794 ]
[ 59, 90, 47.835997116823904 ]
[ 58, 91, 150.40466619008737 ]
[ 57, 91, 10.236446306392754 ]
[ 56, 91, 296.5909988844781 ]
[ 55, 92, 231.31105532366604 ]
[ 54, 93, 19.348352787061486 ]
[ 53, 93, 50.40254035580938 ]
[ 52, 94, 351.94522101834264 ]
[ 51, 95, 4.091530716580472 ]
[ 50, 96, 89.54735585855356 ]
[ 49, 97, 135.4542512719698 ]
[ 48, 98, 60.367628634602376 ]
[ 47, 99, 1.235122806192257 ]
[ 46, 100, 31.912317534492917 ]
[ 45, 99, 4.986430664073282 ]
[ 44, 99, 128.6837357038252 ]
[ 43, 99, 127.88402630730938 ]
[ 42, 98, 163.54374517095908 ]
[ 41, 99, 162.0258465970928 ]
[ 40, 99, 1.7290509224970885 ]
[ 39, 98, 67.6345017652935 ]
[ 38, 98, 11.818210885455372 ]
[ 37, 99, 96.07591761745515 ]
[ 36, 100, 6.628658363459938 ]
[ 35, 101, 0.8502663508613284 ]
[ 34, 101, 14.23255333151735 ]
[ 33, 100, 255.83376085793057 ]
[ 32, 99, 0.21530812022790835 ]
[ 31, 98, 43.937168676614235 ]
[ 30, 98, 109.70034601071299 ]
[ 29, 97, 63.969726440376796 ]
[ 28, 97, 42.001405310107984 ]
[ 27, 97, 40.83166679281886 ]
[ 26, 96, 20.18470880529494 ]
[ 25, 96, 151.7297508544327 ]
[ 24, 97, 293.8410351866497 ]
[ 23, 96, 0.35989208067027656 ]
[ 22, 96, 20.502110601320677 ]
[ 21, 95, 135.02757371925424 ]
[ 20, 94, 144.9426823865151 ]
[ 19, 94, 13.416349223067892 ]
[ 18, 93, 132.77243176902985 ]
[ 17, 92, 110.95455096874635 ]
[ 16, 91, 17.69516519896014 ]
[ 15, 90, 123.67515045609917 ]
[ 14, 91, 93.74586363066817 ]
[ 13, 91, 2.773801190033509 ]
[ 12, 91, 220.99468130293204 ]
[ 11, 90, 223.4187497463803 ]
[ 10, 89, 61.28964637125367 ]
[ 9, 90, 33.699474884281436 ]
[ 8, 90, 79.47150006130205 ]
[ 7, 89, 27.262522161028592 ]
[ 6, 88, 60.17254192439864 ]
[ 5, 88, 36.56221158981576 ]
[ 4, 88, 46.17921266905039 ]
[ 3, 89, 20.516716798637592 ]
[ 2, 90, 30.442631602231263 ]
[ 1, 89, 378.9398613627225 ]
[ 0, 89, 4.879428915449624 ]
